212044	9607217
212044	9608434
212044	9609207
212044	9610480
212044	9702354
212044	9703432
212044	9711485
212044	9711488
212044	9812449
212044	9901384
212044	9912376
208124	1119
208124	101300
208124	102071
208124	108213
208124	111066
208124	111343
208124	112166
208124	201091
208124	204056
208124	206309
208124	9208213
208124	9409254
208124	9504220
208124	9508347
208124	9510301
208124	9603428
208124	9605439
208124	9608434
208124	9609207
208124	9610480
208124	9702354
208124	9707515
208124	9711485
208124	9711488
208124	9812522
208124	9912376
108200	102122
108200	102145
108200	102146
108200	102147
108200	102157
108200	102176
108200	102180
108200	102204
108200	102211
108200	102238
108200	102243
108200	102255
108200	102259
108200	102297
108200	102304
108200	102312
108200	102315
108200	102331
108200	102344
108200	103028
108200	103034
108200	103048
108200	103050
108200	103064
108200	103067
108200	103069
108200	103083
108200	103126
108200	103223
108200	103280
108200	104141
108200	104225
108200	105014
108200	9304312
108200	9609290
108200	9808388
108200	9902406
112215	7358
112215	12290
9607235	9304225
9607235	9307247
9607235	9307291
9607235	9308246
9607235	9308287
9607235	9308288
9607235	9311325
9607235	9312359
9607235	9402288
9607235	9402326
9607235	9403313
9607235	9405207
9607235	9405410
9607235	9406251
9607235	9409440
9607235	9502346
9607235	9503486
9607235	9503492
9607235	9506476
9607235	9507283
9607235	9602262
9607235	9603314
9607235	9604225
9607235	9605201
9207243	9203206
211003	1113
211003	5014
211003	6124
211003	8084
211003	9042
211003	105246
211003	112281
211003	204147
211003	206125
211003	208198
211003	9402227
211003	9406262
211003	9408404
211003	9501251
211003	9510425
211003	9512380
211003	9601309
211003	9604375
211003	9606217
211003	9610283
211003	9612446
211003	9703248
211003	9705453
211003	9707385
211003	9802394
211003	9803457
211003	9805332
211003	9805422
211003	9806471
211003	9901409
211003	9903453
211003	9907370
9310366	9203206
9310366	9206262
9310366	9207234
9310366	9208251
9310366	9212235
9310366	9212288
9310366	9301267
9310366	9303230
9310366	9304307
9310366	9305274
3227	2171
3227	9510378
3227	9608430
3227	9612269
3227	9704213
3227	9712445
3227	9805274
3227	9809566
3227	9812209
3227	9903270
3227	9903490
3227	9909560
3227	9911321
3227	9912325
3227	9912430
9808420	9601353
9902358	9207257
9902358	9508247
9902358	9603393
9902358	9605215
9902358	9607461
9902358	9705339
9902358	9807305
9902358	9807319
9902358	9808205
9902358	9809368
9902358	9810471
9902358	9812273
302204	2194
302204	110126
302204	302035
302204	302078
302204	302253
302204	9512211
302204	9705448
302204	9912343
209273	107164
209273	201008
209273	207236
209273	208157
209273	9904310
2031	9509327
2031	9610229
2031	9809315
2031	9809363
2031	9901404
2031	9907548
2031	9912215
212197	108115
212197	212119
212197	9501394
212197	9806292
7331	9406342
7331	9608385
110164	2286
110164	9174
110164	12125
110164	12352
110164	102301
110164	103125
110164	106166
110164	107039
110164	107190
110164	108003
110164	9510342
110164	9511446
110164	9607419
110164	9807552
110164	9904433
9411347	9305254
9411347	9306320
9411347	9401217
9411347	9401291
9411347	9404234
9507405	9401256
9507405	9503411
111292	5037
111292	9210219
111292	9801271
111292	9810553
111292	9908224
111292	9909459
9401222	9209205
9401222	9304255
9409331	9203206
9409331	9308275
9409331	9311281
9606450	9308295
9606450	9403229
9904343	9606309
9806264	9503221
9806264	9604446
9806264	9606399
9806264	9610331
9806264	9708459
9806264	9806249
205055	6067
205055	7167
205055	110174
205055	9602315
210086	1204
210086	3205
210086	3206
210086	6136
210086	9402278
210086	9411239
210086	9511378
210086	9602424
210086	9703317
210086	9705391
210086	9707451
210086	9804428
210086	9809355
210086	9809356
210086	9809357
210086	9903476
210086	9910315
9804457	9607301
9804457	9612225
9804457	9706287
9310274	9206205
9310274	9303241
9409360	9302210
9409360	9302314
9409360	9305275
9409360	9308234
9409360	9308310
9409360	9312215
9606352	9207228
9606352	9602385
9601251	9304240
9601251	9409380
9601251	9505322
301215	4043
301215	204135
301215	204192
301215	210034
301215	211331
301215	9506380
107210	4211
107210	8279
107210	10032
107210	9309284
107210	9406342
107210	9505387
107210	9508262
107210	9606344
107210	9608385
209318	11209
209318	203236
301225	103030
301225	107105
301225	111275
301225	203016
301225	212362
301225	9207246
301225	9402213
301225	9407350
301225	9607303
301225	9801245
301225	9805420
301225	9807408
301225	9910305
9803499	9301273
9803499	9302206
9803499	9304257
9803499	9309283
9803499	9404282
9803499	9406421
9803499	9408404
9803499	9412393
9803499	9501295
9803499	9502293
9803499	9504327
9803499	9506260
9803499	9507280
9803499	9507329
9803499	9509204
9803499	9511462
9803499	9512380
9803499	9604336
9803499	9606217
9803499	9607274
9803499	9610357
9803499	9612446
9803499	9701396
9803499	9705356
9803499	9705453
9803499	9708220
9803499	9709486
9509264	9406252
9509264	9406382
9308305	9302266
9409441	9211248
9409441	9307330
9409441	9406320
9290	8105
9290	9203206
9290	9205230
9290	9209285
9290	9212318
9290	9308334
9290	9402241
9290	9503481
9290	9505359
9290	9505385
9290	9511221
9290	9602326
9290	9609342
9290	9703409
9290	9806338
9290	9908257
9290	9911333
9806338	9410360
9806338	9501375
9806338	9511412
9806338	9709415
9806338	9803216
9807285	9507453
9807285	9704273
9807285	9707423
9807285	9711514
9807285	9712212
9807285	9801212
9807285	9802358
9807285	9803380
9807285	9806213
9807285	9807269
12243	12218
12243	9304240
12243	9306256
12243	9501379
12243	9504426
12243	9708310
12243	9708416
12243	9908409
4022	2198
4022	9407399
4022	9411409
4022	9503222
4022	9508386
4022	9601371
4022	9605281
4022	9608322
4022	9612226
4022	9804212
4022	9806404
4022	9903536
4022	9905566
4022	9906536
4022	9912547
9605402	9411421
201124	9310300
201124	9501213
201124	9507347
201124	9509344
9409271	9305269
9808373	9302249
9808373	9504349
9808373	9508325
9808373	9604366
9808373	9606263
9808373	9606358
9808373	9612309
9808373	9612325
9808373	9702235
9808373	9703348
9808373	9704383
9808373	9705433
9808373	9708241
9808373	9709205
9808373	9710334
9808373	9711392
9808373	9711460
9808373	9712434
9808373	9712533
9808373	9803408
9808373	9806227
9808373	9806435
9808373	9806493
9808373	9806511
9808373	9807541
9906380	9512442
9906380	9603267
9906380	9611449
9906380	9701390
9906380	9703319
9906380	9802429
9906380	9808283
212220	3238
212220	4139
212220	4262
212220	6136
212220	6250
212220	8046
212220	9144
212220	9149
212220	11089
212220	105292
212220	108037
212220	110121
212220	112126
212220	201071
212220	203069
212220	204225
212220	205239
212220	205259
212220	207026
212220	208078
212220	208101
212220	208159
212220	210314
212220	9310212
212220	9408213
212220	9512380
212220	9601360
212220	9604387
212220	9607389
212220	9609512
212220	9610323
212220	9803366
212220	9804294
212220	9807377
212220	9810307
212220	9810336
212220	9906286
212220	9908246
212220	9909476
212220	9911245
212220	9911304
9506458	9306235
9506458	9411247
9506458	9505227
105313	8282
105313	9306210
105313	9306294
105313	9403320
105313	9406214
105313	9704262
105313	9910344
105313	9911494
210315	1169
210315	2134
210315	2238
210315	8127
210315	10338
210315	101262
210315	106315
210315	108245
210315	201219
210315	203056
210315	206024
210315	208014
210315	209326
210315	210108
210315	9302272
210315	9303309
210315	9305248
210315	9409375
210315	9503443
210315	9602234
210315	9603205
210315	9710313
210315	9711441
210315	9806351
210315	9806488
210315	9902270
210315	9903211
210315	9903229
210315	9911295
211203	105264
211203	111301
211203	9310253
211203	9401310
211203	9506436
211203	9507343
211203	9712370
211203	9807422
211203	9810529
211202	7198
211202	202008
207117	3180
207117	6032
207117	108059
207117	111245
207117	202198
207117	202233
207117	203031
207117	204071
207117	204092
207117	205227
207117	9302210
207117	9609511
207117	9701231
207117	9707409
207117	9710401
207117	9803297
207117	9805373
207117	9810457
207117	9901389
207117	9902371
207117	9903402
9407256	9211311
9407256	9303305
9407256	9308226
9407256	9308308
9407256	9308337
9407256	9308371
9407256	9404282
103073	2300
103073	6061
103073	7069
103073	7323
103073	10332
103073	12015
103073	101129
103073	9410280
103073	9508233
103073	9609388
103073	9705257
103073	9706525
103073	9904441
103073	9906293
103073	9908269
103073	9909348
1331	1005
1331	9409270
1331	9712515
1331	9810279
1331	9912291
1331	9912324
301236	4094
301236	111044
301236	201296
301236	204004
301236	206057
301236	208038
301236	209073
301236	212027
301236	9310379
301236	9503290
301236	9606314
301236	9608434
301236	9711485
301236	9808426
301236	9903354
212027	111044
212027	201296
212027	204004
212027	206057
212027	208038
212027	209073
212027	9503290
212027	9510232
212027	9711485
212027	9808426
212027	9903354
9212231	9207228
301116	7298
301116	210360
301116	9506461
301116	9511337
301116	9606231
301116	9609279
301116	9611244
301116	9703450
301116	9705341
301116	9712394
301116	9806486
301116	9808400
301116	9811237
301116	9901411
301116	9903282
301116	9908288
9710378	9406274
9710378	9407347
9710378	9508347
9710378	9510262
9710378	9708243
9710378	9709213
9710378	9710266
9601253	9505361
9408335	9205245
9408335	9208240
9408335	9301237
9408335	9303273
9408335	9306291
207017	4215
207017	6290
207017	101319
207017	110088
207017	9508325
207017	9809530
12380	2195
12380	9603249
12380	9604317
12380	9609381
12380	9809539
12380	9905372
12380	9906205
9806237	9207214
9806237	9304225
9806237	9307247
9806237	9308226
9806237	9308246
9806237	9308262
9806237	9308287
9806237	9309272
9806237	9311325
9806237	9312311
9806237	9312359
9806237	9401246
9806237	9405270
9806237	9409287
9806237	9412324
9806237	9503486
9806237	9506201
9806237	9509414
9806237	9511454
9806237	9512225
9806237	9602353
9806237	9603314
9806237	9702300
9806237	9703437
9806237	9705235
9806237	9706520
9806237	9710216
9806237	9711248
9806237	9711268
9806237	9803227
9806237	9804416
9806237	9805252
9809581	9510319
9809581	9708488
210079	5318
210079	12212
210079	107295
210079	210045
210079	9610265
210079	9704378
210079	9709408
210079	9711227
210079	9802409
210079	9810275
210079	9812269
210079	9905372
9608284	9402360
9608284	9412265
9608284	9412273
9608284	9502386
9608284	9506358
9608284	9509432
9608284	9604363
9501309	9209235
9501309	9302208
9501309	9302240
9501309	9305306
9501309	9403383
201238	4243
201238	7021
201238	11104
201238	103045
201238	105001
201238	9403364
9404231	9203203
9404231	9211211
105020	2267
105020	7198
105020	102194
105020	9702274
210184	9255
210184	106012
210184	108257
210184	9305250
210184	9603249
210184	9604317
210184	9611433
210184	9704207
210184	9803316
210184	9811253
210184	9911381
206114	8191
206114	11002
206114	101032
206114	101051
206114	104052
206114	110215
206114	201195
206114	9410404
206114	9606399
206114	9611213
206114	9803393
206114	9803445
206114	9903282
206114	9907231
206114	9907512
206114	9912439
202230	4053
202230	106315
202230	111027
202230	111134
202230	112054
202230	9411237
202230	9803315
202230	9804398
202230	9807344
202230	9811291
202230	9811350
202230	9902263
202230	9904220
202230	9905221
202230	9905353
202230	9910255
9807242	9403264
9807242	9606362
9807242	9707377
9807242	9710510
9329	7266
9329	9205234
9329	9212278
9329	9310320
9329	9403203
9329	9403338
9329	9412385
9329	9504292
9329	9504312
9329	9507238
9329	9601243
9329	9605377
9329	9606383
9329	9609467
9329	9908508
9329	9911212
111173	9410411
111173	9501232
111173	9603218
111173	9801352
111173	9801377
111173	9804432
111173	9805245
111173	9809567
111173	9908304
301173	205156
301173	9810446
9904294	9709499
9904294	9805268
9904294	9811425
6221	9206222
6221	9206225
6221	9206236
6221	9207249
6221	9209255
6221	9304315
6221	9305258
6221	9306267
6221	9306323
6221	9307221
6221	9307262
6221	9401310
6221	9402319
6221	9403224
6221	9403390
6221	9406402
6221	9407203
6221	9409231
6221	9409304
6221	9411280
6221	9501249
6221	9502393
6221	9505206
6221	9506445
6221	9602385
6221	9605328
6221	9702440
6221	9706238
6221	9709297
6221	9711287
6221	9712368
6221	9802302
6221	9806472
6221	9809352
9511283	9401237
9703323	9510298
9712326	9505422
9712326	9506318
9712326	9509269
9712326	9610312
9802385	9208254
9802385	9301249
9802385	9310376
9802385	9406386
9802385	9407339
9802385	9411365
9802385	9505329
9802385	9508409
9802385	9510202
9802385	9511315
9802385	9601276
9802385	9602223
9802385	9608413
9802385	9701235
9802385	9705286
9802385	9707223
9802385	9708349
205291	11215
205291	103267
205291	106184
205291	111237
205291	111403
205291	204323
205291	205017
205291	9308241
205291	9605286
205291	9805234
205291	9806404
205291	9904205
9406434	9304225
9406434	9307247
9406434	9308246
9406434	9308262
9406434	9309217
9811324	9710431
205119	2082
205119	101140
205119	101265
205119	9401258
205119	9403244
205119	9507237
205119	9507456
205119	9511318
205119	9710398
205119	9812357
205119	9905453
205119	9908288
205119	9910284
207173	7359
207173	102221
207173	105334
207173	110325
207173	9403256
207173	9506245
207173	9509348
207173	9509353
207173	9605302
207173	9606293
207173	9610276
207173	9704342
207173	9706373
207173	9711236
207173	9711277
207173	9711442
207173	9711486
207173	9801278
207173	9802290
207173	9803283
207173	9807434
207173	9812311
207173	9901281
111148	9151
111148	101143
111148	103171
111148	9503462
111148	9601379
111148	9905356
9909525	9908327
4112	9410304
4112	9605264
4112	9702443
4112	9706224
4112	9709203
4112	9710385
9904381	9212305
9904381	9409458
9904381	9603227
9904381	9603368
9904381	9610272
9904381	9703330
9904381	9705282
9904381	9705442
9904381	9707213
9904381	9708416
9904381	9803257
9904381	9805242
9904381	9806315
9904381	9806334
9904381	9807424
9904381	9809552
106032	9302213
203026	9605215
203026	9701345
203026	9705263
203026	9708247
203026	9709367
301175	5078
301175	5273
301175	7238
301175	111468
301175	207311
301175	9401258
301175	9503291
301175	9902479
301175	9907231
2244	9608210
2244	9707323
2244	9812309
6013	9312350
6013	9602419
6013	9802273
6013	9902441
6126	4215
6126	9508325
6126	9905477
6126	9907487
9907364	9309210
9907364	9509257
9907364	9509364
9907364	9806312
12146	9809308
12146	9809575
12146	9906318
9305	8032
9305	9703240
9305	9703454
204019	9301293
209076	202155
209076	207113
9604447	9512343
9604447	9602373
211309	3072
211309	6027
211309	8245
211309	108182
211309	109035
211309	111326
211309	201287
211309	202122
211309	203180
211309	205349
211309	209301
211309	9402241
211309	9411390
211309	9505359
211309	9505385
211309	9506262
211309	9508275
211309	9509327
211309	9511221
211309	9602326
211309	9604341
211309	9610229
211309	9706242
211309	9803255
211309	9805259
211309	9904336
211309	9906311
211309	9911214
101021	11014
101021	9803315
101021	9804398
9809361	9703317
212235	108248
212235	209212
212235	9707202
212235	9904430
212235	9909405
301086	2004
301086	108098
301086	111299
301086	9802238
301086	9803333
301086	9805346
301086	9805473
301086	9809426
301086	9905242
301086	9908257
3211	1127
3211	9606399
3211	9703302
3211	9803387
3211	9803445
3211	9806404
3211	9903282
3211	9906402
3211	9907231
9509317	9308263
9509317	9310316
9509317	9311285
9509317	9312264
9509317	9409212
9907247	9212235
9907247	9212248
9907247	9303251
9907247	9403403
9907247	9404201
9907247	9404292
9907247	9405424
9907247	9406285
9907247	9408262
9907247	9408276
9907247	9409434
9907247	9410218
9907247	9410360
9907247	9411334
9907247	9502313
9907247	9504256
9907247	9507380
9907247	9508280
9907247	9508379
9907247	9508406
9907247	9510408
9907247	9603208
9907247	9605214
9907247	9605288
9907247	9612286
9907247	9612291
9907247	9702376
9907247	9703414
9907247	9704360
9907247	9704416
9907247	9708207
9907247	9708426
9907247	9710463
9907247	9711263
9907247	9801333
9907247	9804460
9907247	9805215
9907247	9809291
9907247	9811513
9907247	9902327
9907247	9902373
9907247	9902376
9907247	9903513
9907247	9905269
9907247	9905337
4090	3007
4090	9502237
4090	9505248
4090	9506416
4090	9511288
4090	9604343
4090	9606388
4090	9609342
4090	9610374
4090	9611277
4090	9704238
4090	9704275
4090	9704339
4090	9706280
4090	9707435
4090	9709395
4090	9711517
4090	9803335
4090	9809464
4090	9810232
4090	9908451
209163	8078
209163	111258
209163	9412201
209163	9711308
209163	9802241
209163	9803313
209163	9803453
209163	9804211
301188	7084
301188	105327
301188	201038
301188	9402210
301188	9503356
301188	9709254
301188	9712318
301188	9804335
9311275	9305245
6289	9605373
9611234	9610316
9512257	9301233
9512257	9311242
9512257	9402214
9110	2295
9110	9009
9110	9508408
9110	9602265
9110	9603202
9110	9604425
9110	9608277
9110	9804204
9110	9807443
9110	9901445
9110	9903293
9110	9906300
6330	9511423
6330	9805459
302135	6154
302135	7289
302135	7294
302135	7362
302135	102227
302135	102241
302135	105129
302135	108030
302135	110215
302135	111164
302135	201114
302135	201127
302135	201195
302135	201206
302135	207004
302135	208096
302135	208115
302135	210369
302135	211141
302135	211144
302135	211412
302135	302104
302135	9302240
302135	9302272
302135	9408366
302135	9605317
302135	9610541
302135	9611272
302135	9705240
302135	9706430
302135	9707448
302135	9806404
302135	9807241
302135	9807330
302135	9808286
302135	9902483
302135	9903442
302135	9907472
210369	7289
210369	102227
210369	102241
210369	201114
210369	201206
210369	207004
210369	208096
210369	208115
210369	208262
210369	9302272
210369	9305279
210369	9504378
210369	9705240
210369	9803445
210369	9807241
210369	9808286
210369	9902483
210369	9907231
9812329	9508325
9812329	9608210
208064	108010
104249	1189
104249	5152
104249	6129
104249	6147
104249	7182
104249	8207
104249	8208
104249	9237
104249	12232
104249	101269
104249	103099
104249	9303247
104249	9306220
104249	9309333
104249	9602375
104249	9606355
104249	9610451
104249	9709264
104249	9711395
104249	9711396
104249	9804403
104249	9812287
104249	9904353
104249	9906346
104249	9906443
104249	9912221
302140	1268
302140	3307
302140	5310
302140	6123
302140	10017
302140	10306
302140	11176
302140	104038
302140	104039
302140	104108
302140	105334
302140	106112
302140	108239
302140	110215
302140	110325
302140	111359
302140	203258
302140	204025
302140	207173
302140	207227
302140	209111
302140	9405296
302140	9505417
302140	9509348
302140	9602320
302140	9606427
302140	9702287
302140	9703445
302140	9704267
302140	9707390
302140	9711427
302140	9802290
302140	9803389
302140	9803488
302140	9804354
302140	9806428
302140	9806506
302140	9807264
302140	9807513
302140	9811268
302140	9901281
302140	9903358
302140	9904457
302140	9905377
207166	6114
207166	11014
207166	110217
207166	9403290
207166	9803315
207166	9803466
207166	9806292
207166	9905221
207166	9907447
207166	9909255
5002	9603208
5002	9703256
5002	9901226
9904424	9701265
9501330	9305315
9608372	9204215
9608372	9204225
9608372	9205240
9608372	9209232
9608372	9209250
9608372	9301258
9608372	9303320
9608372	9306242
9608372	9307344
9608372	9310371
9608372	9311227
9608372	9403268
9608372	9403338
9608372	9409369
9608372	9410326
9608372	9412367
9608372	9412385
9608372	9501394
9608372	9503445
9608372	9505383
9608372	9507368
9608372	9507376
9308207	9302248
9308207	9303255
9809271	9207234
9809271	9209220
9809271	9209292
9809271	9302224
9809271	9302318
9809271	9304216
9809271	9305282
9809271	9307208
9809271	9308309
9809271	9309219
9809271	9312272
9809271	9401262
9809271	9404227
9809271	9408217
9809271	9504279
9809271	9505326
9809271	9506380
9809271	9508249
9809271	9510252
9809271	9511275
9809271	9512366
9809271	9606261
9809271	9608241
9809271	9701301
9809271	9704232
9909488	9309289
9909488	9604383
9909488	9607210
9909488	9706347
9909488	9709432
9909488	9710539
9909488	9807263
9909488	9807462
9909488	9812459
9909488	9901281
9909488	9902236
9909488	9907241
9909488	9908528
9307246	9211227
208060	1151
208060	106354
208060	205065
208060	206291
208060	9511363
208060	9807464
208060	9907386
208060	9911338
9811424	9401258
9811424	9412294
9811424	9505282
9811424	9605369
9811424	9609246
9510214	9310236
9510214	9501206
9510214	9503477
9510214	9504229
9901417	9411342
9901417	9605382
9901417	9608206
9901417	9610292
9901417	9612208
9901417	9702360
9901417	9705464
9901417	9711313
9901417	9801448
211407	2033
211407	108117
211407	112102
211407	9803279
211407	9803420
211407	9807501
211407	9810457
103285	3135
103285	10287
103285	9312226
103285	9501375
103285	9508379
103285	9509409
103285	9709415
103285	9803216
103285	9909500
9609494	9506434
9609494	9606224
211031	5003
211031	103314
211031	105242
211031	201048
211031	9507380
211031	9710463
211031	9905337
12028	2178
12028	3306
12028	9262
12028	11014
12028	9304240
12028	9704276
12028	9708310
12028	9803315
12028	9803466
12028	9804398
12028	9807344
12028	9811291
12028	9811337
12028	9811350
12028	9903315
12028	9906400
12028	9908254
12028	9910456
210253	10338
210253	105053
210253	107081
210253	107101
210253	112109
210253	203031
210253	206121
210253	9410404
210253	9507461
210253	9511292
210253	9511402
210253	9607485
210253	9803445
210253	9806332
210253	9905443
210253	9906230
210253	9909397
210253	9912516
9802261	9703253
111119	7309
111119	107038
111119	9705477
111119	9903388
9612392	9402241
9612392	9505359
9612392	9508275
9612392	9509327
9612392	9510312
9612392	9610229
9612392	9612245
9909343	9712415
9909343	9712517
9909343	9808257
9909343	9902302
9909343	9904404
211285	110333
9910507	9501390
9910507	9612314
9910507	9705377
9910507	9705442
9910507	9804232
9910507	9805207
9910507	9805494
9910507	9811328
9910507	9903476
9612432	9203211
9612432	9209252
9612432	9306210
9612432	9311329
9612432	9403320
9612432	9412347
9612432	9509313
9612432	9601205
9612432	9606287
9612432	9608410
9612432	9608429
9612432	9609256
9912348	9704283
9912348	9711240
9912348	9802405
9912348	9811404
9912348	9811406
9912348	9902427
9912348	9908395
201276	7218
201276	7248
201276	10017
201276	11215
201276	9405250
201276	9503290
201276	9512406
201276	9802357
201276	9802432
201276	9806356
201276	9806404
201276	9806513
201276	9808426
201276	9901442
201276	9907231
107028	4014
107028	9170
107028	10060
107028	12009
107028	101128
107028	102069
107028	104124
107028	104285
107028	105268
107028	107142
107028	9604383
107028	9605214
107028	9610420
107028	9706347
107028	9709432
107028	9710539
107028	9712494
107028	9802350
107028	9807263
107028	9807297
107028	9902236
107028	9904404
107028	9907241
107028	9907317
107028	9908528
9604433	9310245
9604433	9403374
9604433	9411244
9911443	9308347
9911443	9405214
9911443	9502415
9911443	9509316
9911443	9603343
9911443	9603409
9911443	9607241
9911443	9612268
9911443	9707511
9911443	9708443
9911443	9710434
9911443	9902321
9501219	9205230
9501219	9305205
9501219	9404308
9506362	9204213
9506362	9308292
9506362	9308325
9506362	9411272
9506362	9504307
211295	2138
211295	5269
211295	110215
211295	202132
211295	9407370
211295	9409393
211295	9507442
211295	9512328
211295	9710416
211295	9801442
211295	9803250
211295	9910395
105198	9401310
105198	9406373
105198	9501383
208051	203175
208051	9506375
208051	9604294
208051	9607428
9084	8291
9084	9212246
9084	9302225
9084	9302240
9084	9411386
9084	9505355
9084	9609213
9084	9703305
9084	9703358
9084	9703359
9084	9708350
9084	9709360
9084	9802431
9084	9809411
9084	9812415
9084	9812492
9084	9905276
9084	9905424
210228	9403398
210228	9811493
210228	9901206
210228	9910213
209237	101305
209237	104259
209237	105240
209237	108084
209237	109093
209237	109122
209237	110277
209237	207005
209237	208031
209237	9402210
209237	9711287
209237	9804227
209237	9804241
209237	9907240
211365	106219
211365	106295
211365	111052
211365	111163
211365	112186
211365	205174
211365	209337
211365	9910333
205174	10338
205174	106219
205174	106295
205174	107119
205174	108060
205174	108264
205174	109106
205174	109242
205174	109287
205174	110382
205174	111099
205174	112061
205174	112247
205174	201139
205174	201248
205174	202081
205174	203154
205174	204218
205174	9803315
205174	9804398
205174	9807344
9908348	9212212
9908348	9403276
9908348	9503351
9908348	9509239
9908348	9604360
9908348	9608438
9908348	9609245
9908348	9709452
9908348	9709499
9908348	9804240
9908348	9805268
9908348	9812385
9803392	9409308
9803392	9509366
9803392	9704408
112093	4243
112093	5073
112093	7021
112093	11104
112093	103045
112093	105001
112093	9403364
112093	9606297
112093	9707296
112093	9807482
112093	9810537
211298	206264
211298	9601308
211298	9610433
211298	9707338
211298	9804296
9709370	9411220
9709370	9611399
5294	9711426
5294	9806412
5294	9905437
5294	9911400
5294	9911454
5294	9912288
5294	9912322
9906534	9209213
9906534	9308274
9906534	9401270
9906534	9402342
9906534	9403230
9906534	9405218
9906534	9502298
9906534	9502384
9906534	9512336
9906534	9512367
9906534	9606230
9906534	9606253
9906534	9607426
9906534	9608480
9906534	9701289
9906534	9701321
9906534	9704222
9906534	9711251
9906534	9802241
9906534	9809485
9906534	9809510
9906534	9812465
9906534	9812521
9906534	9901386
9906534	9902332
9906534	9904373
9906534	9905373
9906534	9906339
9906534	9906406
9906534	9906495
211377	2279
211377	3129
211377	6041
211377	8143
211377	10195
211377	11142
211377	11143
211377	101278
211377	104199
211377	104273
211377	108115
211377	110346
211377	110391
211377	111047
211377	111465
211377	112169
211377	203032
211377	203091
211377	204002
211377	209158
211377	9306320
211377	9803466
211377	9806292
211377	9811291
211377	9811350
211377	9811428
211377	9811448
211377	9902467
211377	9903417
211377	9905221
211377	9905417
211377	9906234
211377	9906266
211377	9907218
211377	9907355
211377	9907362
211377	9908530
211377	9909255
211377	9911252
211377	9911262
211377	9911293
211377	9911294
211377	9911323
211377	9911421
211377	9912408
211377	9912498
9912285	9505373
111423	3168
111423	6201
111423	9803462
111423	9905247
9711271	9508233
9711271	9611295
9711271	9702210
9711271	9704398
9711271	9709384
302113	102023
302113	9507401
302113	9912297
210230	4038
210230	201002
210230	205082
210230	205303
210230	9310332
210230	9401319
210230	9409225
210230	9502330
210230	9611347
210230	9611422
210230	9707517
210230	9904216
210230	9906356
210230	9910211
210230	9910279
9712274	9403257
9712274	9505340
9712274	9704283
5107	9904389
209282	11081
209282	207168
209282	208012
209282	208142
209282	208164
209282	209061
209282	9207279
209282	9508258
209282	9511378
209282	9607405
209282	9710473
9510444	9212278
9510444	9301268
9510444	9303320
9510444	9304223
9510444	9308333
9510444	9405313
9510444	9412367
9510444	9505201
9510444	9506319
302026	4032
302026	11074
302026	102320
302026	104148
302026	109119
302026	202058
302026	202063
302026	202068
302026	205014
302026	211134
302026	211462
302026	212093
302026	9305276
302026	9501269
302026	9506271
302026	9603430
302026	9607201
302026	9703241
302026	9709494
302026	9710289
302026	9711363
302026	9802387
302026	9807442
302026	9810543
302026	9904285
302026	9909332
212296	3233
212296	5108
212296	7014
212296	12108
212296	101225
212296	106012
212296	110075
212296	202231
212296	205208
212296	206306
212296	207224
212296	9603249
212296	9704207
212296	9706344
212296	9805380
212296	9806305
212296	9807358
212296	9809483
212296	9812448
212296	9903520
212296	9910310
212296	9912364
9604389	9208243
9604389	9209215
9604389	9305204
9604389	9311214
9604389	9311281
9604389	9502210
102294	9299
102294	9605273
102294	9808205
8213	1083
8213	2262
8213	3267
8213	4072
8213	4091
8213	4214
8213	6224
8213	6238
8213	9403290
8213	9607383
8213	9608233
8213	9707434
8213	9803315
8213	9804398
8213	9805510
8213	9808344
8213	9811323
8213	9811378
8213	9812397
8213	9812489
8213	9903422
8213	9904203
8213	9904267
8213	9908305
8213	9911499
8213	9912343
9303242	9206233
9303242	9208247
9702259	9504221
302086	11254
302086	110277
302086	203166
302086	204290
302086	211136
302086	211299
302086	9411310
302086	9907240
302086	9911505
301083	212327
204053	11071
204053	9303264
204053	9406267
204053	9503473
204053	9507342
204053	9803316
204053	9807255
9907534	9403224
9907534	9604431
9907534	9712318
9907534	9906519
109270	11121
109270	12101
109270	102255
109270	102304
109270	102312
109270	104181
109270	104304
109270	105267
109270	107177
109270	9802445
109270	9805219
109270	9811353
1187	9510300
1187	9602392
1187	9907573
9803495	9405414
9803495	9406315
9803495	9407339
9803495	9410404
9803495	9502270
9803495	9506378
9803495	9508232
9803495	9512248
9803495	9601349
9803495	9603266
9803495	9603400
9803495	9605295
9803495	9605417
9803495	9608433
9803495	9609296
9803495	9702273
9803495	9707344
9803495	9707424
9803495	9707466
9803495	9802350
101135	1169
101135	2036
101135	3181
101135	4119
101135	10153
101135	9508223
101135	9602226
101135	9806351
101135	9808312
101135	9809306
101135	9906395
101135	9906419
101135	9910301
9501239	206003
9501239	9209257
9501239	9301295
9501239	9401218
9501239	9403339
9501239	9406311
9501239	9406406
9501239	9407211
9501239	9411430
9501239	9412373
1223	9509271
1223	9910493
9408385	9207214
9408385	9304225
9408385	9307247
9408385	9307291
9408385	9308246
9408385	9308262
9408385	9311339
9408385	9402360
9408385	9908363
203142	3141
203142	4035
203142	6260
203142	12279
203142	9308292
203142	9308325
203142	9407248
203142	9502417
203142	9503303
203142	9510204
203142	9708226
203142	9801271
203142	9802285
203142	9807278
203142	9809453
203142	9907290
203142	9909467
9402261	9212203
9910487	9501232
9910487	9605439
9910487	9802299
9910487	9805225
9910487	9902361
9910487	9902375
9910487	9903512
203259	4270
203259	109036
203259	203120
203259	9404313
203259	9405257
203259	9602415
9905389	9410404
9905389	9505417
9905389	9509423
9905389	9803488
9905389	9806428
9905389	9811268
301141	202056
301141	205272
301141	210124
301141	210430
301141	212351
301141	9212250
301141	9505259
301141	9603289
301141	9705477
301141	9902375
9710311	9408254
9710311	9508351
9710311	9711324
9710311	9711345
9508355	9207269
9508355	9304255
9508355	9306209
9508355	9312278
9508355	9407328
9508355	9408224
9508355	9502211
9508355	9502237
9809375	9207234
9809375	9506380
9809375	9507453
9809375	9602260
9809375	9707423
9809375	9708285
9809375	9711514
9809375	9712212
9809375	9801212
9809375	9802358
9809375	9803380
9809375	9804237
9809375	9806213
9809375	9806433
9809375	9807269
212363	4004
212363	4173
212363	4213
212363	6001
212363	11238
212363	12066
212363	210376
212363	211195
212363	9407303
212363	9411367
212363	9604378
212363	9606444
212363	9705261
212363	9712325
212363	9904471
212363	9911427
9406246	9204232
9406246	9208230
9406246	9301258
9406246	9302301
9406246	9302316
9406246	9304215
9406246	9311204
9801367	9208233
9801367	9307205
9801367	9401220
9801367	9507230
9801367	9710301
9809533	9803398
9809533	9809341
9708340	9210253
9708340	9211282
9708340	9303251
9708340	9303281
9708340	9308214
9708340	9308364
9708340	9309235
9708340	9309257
9708340	9310253
9708340	9311346
9708340	9311350
9708340	9312252
9708340	9402221
9708340	9403340
9708340	9405225
9708340	9409335
9708340	9409371
9708340	9409430
9708340	9409459
9708340	9411285
9708340	9502335
9708340	9502366
9708340	9503282
9708340	9503330
9708340	9503334
9708340	9503350
9708340	9504389
9708340	9505267
9708340	9512340
9708340	9604227
9708340	9606468
9708340	9606483
9708340	9607411
9708340	9609467
9708340	9610336
9708340	9610353
9708340	9610354
9708340	9612347
9708340	9612459
9708340	9702309
9708340	9704345
9708340	9705474
9503237	9302247
9503237	9404236
209291	4153
209291	11144
209291	103126
209291	103202
209291	104024
209291	107107
209291	110095
209291	201092
209291	202212
209291	203079
209291	204153
209291	205064
209291	206056
209291	206310
209291	207136
209291	209005
209291	209170
209291	209207
209291	9403398
209291	9411426
209291	9510376
209291	9702381
209291	9805254
209291	9806287
209291	9810252
209291	9811357
209291	9903476
209291	9910213
209291	9910315
209291	9910507
209291	9911370
9706236	9211254
9706236	9305228
9706236	9402283
9706236	9508403
9706236	9511374
9706236	9512367
9706236	9604393
9706236	9605264
9706236	9702443
9706236	9704379
9706236	9705221
9706236	9705413
106043	1047
106043	4084
106043	103257
106043	105065
106043	9307250
106043	9908222
9907313	9602385
9907313	9612267
9907313	9702404
9907313	9703345
9907313	9706238
9907313	9806409
9907313	9806472
9907313	9903359
9907313	9906555
209312	4027
209312	102343
209312	103217
209312	104162
209312	106278
209312	111157
209312	112156
209312	208073
209312	9504219
209312	9506317
209312	9507253
209312	9801324
209312	9801350
209312	9802381
209312	9902341
209312	9912488
208028	7148
208028	7226
208028	8115
208028	12288
208028	101351
208028	102141
208028	103341
208028	104152
208028	107316
208028	108246
208028	111085
208028	204041
208028	205325
208028	206136
208028	9210228
208028	9210229
208028	9303230
208028	9308335
208028	9309215
208028	9311340
208028	9312272
208028	9407291
208028	9408384
208028	9501334
208028	9504239
208028	9507294
208028	9507378
208028	9512401
208028	9602414
208028	9604392
208028	9604417
208028	9607465
208028	9610271
208028	9610403
208028	9707475
208028	9709329
208028	9711356
208028	9712322
208028	9801271
208028	9803218
208028	9804229
208028	9809275
208028	9809498
208028	9810266
208028	9810297
208028	9810442
208028	9905278
111242	7218
111242	102340
111242	109094
111242	9506388
111242	9507434
111242	9508347
111242	9511378
111242	9603212
111242	9604266
111242	9604302
111242	9605359
111242	9607202
111242	9607390
111242	9703317
111242	9704204
111242	9710441
111242	9804428
111242	9807487
111242	9912529
9325	1074
9325	8157
9325	9411237
9325	9504216
9325	9805494
8142	6177
8142	9311296
8142	9710234
8142	9803479
8142	9806403
8142	9909550
9909450	9305348
9909450	9402270
9909450	9410280
9909450	9701238
9909450	9709243
9909450	9712451
9909450	9801443
9909450	9802394
9909450	9805422
9909450	9905392
9909450	9907495
111410	104298
111410	105245
9912401	9506375
9912401	9712347
301010	2127
301010	6011
301010	10013
301010	103274
301010	104208
301010	208110
301010	9307266
301010	9402210
301010	9409207
301010	9412269
301010	9505422
301010	9509269
301010	9510326
301010	9510406
301010	9610384
301010	9703383
301010	9705221
301010	9710338
301010	9710394
301010	9711252
301010	9711458
301010	9712318
301010	9808438
301010	9809312
301010	9907240
301010	9908485
210065	3282
210065	204001
210065	205201
210065	9711395
210065	9711396
210065	9903502
210065	9903503
109199	106258
112136	11159
112136	102264
112136	109230
112136	9407247
112136	9603378
112136	9606260
112136	9608458
112136	9610400
112136	9610477
112136	9701423
112136	9704452
112136	9801306
112136	9802238
112136	9802304
112136	9804425
112136	9805209
112136	9806205
112136	9807278
112136	9807339
112136	9809547
112136	9902449
112136	9905242
112136	9907510
112136	9910437
112136	9911302
9804269	9610325
9707255	9509261
9707255	9605413
9707255	9610301
9707255	9702241
112348	12125
112348	102085
112348	111058
9809201	9404270
9809201	9502334
9809201	9512319
9809201	9602259
9809201	9606386
9809201	9610445
9809201	9712483
9502362	9407216
9502362	9409307
9067	5152
9067	7300
9067	7301
9067	7302
9067	9412363
9067	9610451
301222	3176
301222	4051
301222	5152
301222	8315
301222	12232
301222	102158
301222	202159
301222	212206
301222	9405336
301222	9501266
301222	9509337
301222	9610451
301222	9704334
301222	9907437
110204	7109
110204	109100
110204	109267
110204	9507380
110204	9510305
110204	9510408
110204	9704416
4082	9502336
4082	9512406
4082	9702367
4082	9703453
4082	9804288
4082	9912507
111273	11274
111273	103270
111273	9606386
111273	9911464
104133	4066
104133	6141
104133	6244
104133	10160
104133	10292
104133	9209205
104133	9601336
104133	9902320
104133	9908218
104133	9912423
7090	5213
7090	9411287
7090	9508204
7090	9603278
7090	9702394
7090	9707504
7090	9811336
301053	3075
301053	7218
301053	7341
301053	11215
301053	103113
301053	109160
301053	110097
301053	112332
301053	204060
301053	204094
301053	9507465
301053	9508243
301053	9604393
301053	9606314
301053	9610242
301053	9702367
301053	9707500
301053	9804288
301053	9804436
301053	9805509
301053	9806249
301053	9806255
301053	9809398
301053	9809487
301053	9812266
301053	9907512
301053	9908425
9501418	9207214
9501418	9207236
9501418	9209268
9501418	9301270
9501418	9304225
9501418	9307247
9501418	9307291
9501418	9308246
9501418	9310285
9501418	9311243
9501418	9311339
9501418	9312306
9501418	9312311
9501418	9312359
9501418	9402225
9501418	9402360
9501418	9402364
9501418	9405410
9501418	9407296
9501418	9409453
9806201	9611442
9412262	9206206
211117	7136
211117	11355
211117	108024
211117	111053
211117	201071
211117	202170
211117	207055
211117	207065
211117	210002
211117	9601265
211117	9711469
211117	9802361
211117	9803328
211117	9806348
211117	9906396
9901435	9407351
9901435	9506380
9901435	9603336
9901435	9609370
9901435	9805383
9605343	9503231
9605343	9505319
212066	4143
212066	9295
212066	109143
212066	110208
212066	206189
212066	206288
212066	208061
212066	9305251
212066	9310227
212066	9401237
212066	9406250
212066	9507298
212066	9511452
212066	9604353
212066	9803316
212066	9811253
212066	9901338
212066	9903268
212066	9910509
212066	9911375
9295	3213
9295	9305251
9295	9310227
9295	9507298
9295	9604353
9295	9910509
9504251	9404270
9809542	9501341
9809542	9501372
9809542	9510365
9809542	9607449
9809542	9612437
9809542	9703464
9809542	9707364
9809542	9809543
210344	8240
210344	109002
9812295	9612217
9812295	9711285
206139	5187
212207	103259
212207	206100
212207	9312358
212207	9703404
212207	9704325
212207	9712222
9411291	9204220
9411291	9209290
9411291	9303201
9411291	9403305
9411291	9410377
301134	109137
301134	9911431
211383	106019
211383	108062
211383	111322
211383	202027
211383	205307
211383	206062
211383	9306220
211383	9512384
211383	9602375
211383	9606355
211383	9610451
211383	9911532
111121	8076
111121	9116
111121	11260
111121	11333
111121	103088
111121	9401310
111121	9502305
111121	9504250
111121	9511210
111121	9511335
111121	9706350
111121	9803226
111121	9803242
111121	9807326
102035	2050
102035	9203203
102035	9411342
102035	9501266
102035	9501284
102035	9503296
102035	9512290
102035	9607382
102035	9612487
102035	9803367
102035	9908398
10184	2078
10184	10080
10184	9802414
10184	9812363
10184	9903436
210275	1113
210275	107110
210275	108068
210275	108096
210275	110263
210275	112245
210275	204185
210275	208185
210275	9304286
210275	9502391
210275	9612223
210275	9811249
210275	9903453
9505437	9408310
9607338	9404270
9607338	9406212
9607338	9604204
9607338	9604230
9602290	9208213
9602290	9402283
9602290	9403227
9602290	9501202
9811398	9502298
9502265	9403361
9502265	9404270
9312310	9204222
9312310	9212212
9312310	9307246
9706312	9310228
9706312	9404303
9706312	9408299
9706312	9411415
11381	1040
11381	4013
11381	9286
11381	9410414
11381	9512328
11381	9605323
11381	9612284
11381	9703423
11381	9708390
11381	9804454
11381	9809451
11381	9902471
11381	9906316
11381	9908467
302033	6171
302033	9356
302033	10231
302033	10240
302033	11251
302033	11307
302033	12075
302033	12134
302033	12354
302033	101093
302033	104021
302033	105204
302033	106128
302033	106149
302033	108100
302033	110105
302033	110393
302033	111199
302033	112125
302033	112160
302033	201099
302033	202158
302033	204091
302033	205070
302033	212127
302033	212147
302033	212202
302033	212270
302033	9802424
302033	9806311
302033	9903554
302033	9907372
302033	9907423
9408259	9301251
9308319	9301218
211192	3033
211192	8156
211192	10338
211192	12364
211192	101165
211192	102023
211192	112045
211192	202001
211192	203123
211192	203206
211192	204087
211192	210077
211192	211017
211192	211170
211192	9806366
211192	9906419
211192	9910301
9612488	9301290
9612488	9307295
9612488	9308203
9612488	9402224
9612488	9402259
9612488	9403398
9612488	9404232
9612488	9405358
9612488	9410265
9612488	9410412
9612488	9503228
9612488	9503248
9612488	9601390
9612488	9901206
9405358	9204234
9405358	9209215
9405358	9211320
9405358	9405332
204003	9018
204003	9508325
204003	9707323
12181	9207218
12181	9412322
12181	9709356
12181	9801271
12181	9904250
12181	9904378
12181	9906270
12181	9909334
12181	9912324
211035	4189
211035	106135
211035	107052
211035	109084
211035	203166
211035	204290
211035	209255
211035	209357
211035	210161
211035	210201
211035	9407339
211035	9511430
211035	9606230
211035	9703278
211035	9703284
211035	9705254
211035	9707481
211035	9711391
211035	9907509
211035	9911434
211035	9912391
210201	1286
210201	4267
210201	7251
210201	9324
210201	10159
210201	106135
210201	107052
210201	203166
210201	204290
210201	210161
210201	211035
210201	9707481
210201	9711287
210201	9711292
210201	9711391
210201	9801356
210201	9803363
210201	9805270
210201	9805424
210201	9807421
210201	9810496
210201	9812205
210201	9901394
210201	9903260
210201	9904278
210201	9907489
210201	9910238
210201	9911414
204203	4230
204203	109230
204203	110002
204203	201073
204203	9407248
204203	9410346
204203	9805211
204203	9805346
204203	9809426
204203	9811520
9809579	9609525
9809579	9708235
9809579	9808391
9906350	9408225
9906350	9411426
9906350	9506305
9906350	9612292
9906350	9711410
9906350	9809470
11113	9803315
11113	9804398
11113	9807344
11113	9909373
212115	102105
212115	9302281
212115	9405301
212115	9405401
212115	9508334
212115	9601384
212115	9703402
212115	9807332
9411227	9309336
9411227	9404270
212308	105065
212308	107219
212308	206172
212308	207283
212308	209364
212308	9810498
207187	9069
207187	101030
207187	101264
207187	9302247
207187	9402337
207187	9501384
207187	9606222
207187	9803266
9502347	9407376
9502347	9408287
9502347	9412249
9502347	9502233
212217	108010
212217	208064
9807436	9508325
108032	9709492
108032	9803380
108032	9811371
108032	9910388
11106	9312350
11106	9602419
11106	9802273
11106	9902441
9611267	9304227
9611267	9308274
9611267	9412295
9611267	9501240
9611267	9502300
9611267	9505224
9611267	9509432
301017	12143
301017	101348
301017	109102
301017	203025
301017	9908497
107273	2035
107273	9158
107273	10338
107273	12109
107273	106116
107273	106315
107273	9602234
107273	9807275
107273	9808443
107273	9903229
107273	9905413
107273	9906419
107273	9910271
107273	9910301
107273	9910366
212128	11333
212128	111295
212128	203034
212128	205143
212128	206085
212128	206268
212128	208080
212128	209287
212128	210359
212128	210408
212128	211009
212128	211038
212128	211124
212128	211321
110294	9511337
110294	9611244
110294	9707476
110294	9803445
110294	9811237
110294	9905407
9812452	9303284
9812452	9310326
9812452	9403266
9812452	9406262
9812452	9503278
9812452	9512380
9812452	9607332
9812452	9610283
9812452	9704357
9812452	9704412
9812452	9705251
9812452	9705292
9812452	9705304
9812452	9706294
9812452	9706316
9812452	9706512
9812452	9707251
9812452	9707354
9812452	9707521
9812452	9708348
9812452	9710509
9812452	9711231
9812452	9711272
9812452	9711428
9812452	9712201
9812452	9712244
9812452	9712372
9812452	9802409
9812452	9803356
9812452	9803457
9812452	9804363
9812452	9807323
9812452	9807393
9812452	9808290
9812452	9809364
210169	5309
210169	6307
210169	7012
210169	7335
210169	12004
210169	12250
210169	101257
210169	103155
210169	103163
210169	104049
210169	104057
210169	104201
210169	104232
210169	106315
210169	109072
210169	109166
210169	109290
210169	110155
210169	110402
210169	201304
210169	209330
210169	210015
210169	9312212
210169	9602351
210169	9606429
210169	9705429
210169	9705442
210169	9710521
210169	9811481
210169	9904472
210169	9907436
210169	9908486
210169	9912261
210169	9912447
111350	104304
111350	109020
111350	111058
111350	111059
111350	9612290
111350	9805470
211201	3177
211201	8186
211201	10289
211201	109186
211201	109233
211201	201150
211201	9503290
211201	9802378
211201	9808426
211201	9902255
9805399	9210242
9805399	9504316
9805399	9505326
9805399	9508343
9805399	9508346
9805399	9707213
9805399	9801271
9805399	9801437
9805399	9803277
105243	8083
105243	9607431
105243	9704398
105243	9710463
105243	9911474
101060	1260
101060	2163
101060	4116
101060	6158
101060	7108
101060	9246
101060	9309289
101060	9402335
101060	9604383
101060	9605446
101060	9701229
101060	9802440
101060	9809427
101060	9901281
101060	9904404
101060	9906322
101060	9909203
101060	9909456
209311	11108
209311	9312350
209311	9401310
209311	9805418
9706324	9507271
9706324	9603204
9706324	9703384
9905535	9503290
9905535	9611359
9905535	9703303
9905535	9710223
9905535	9711485
9905535	9808426
9905535	9812522
9905535	9901442
9905535	9903354
9811389	9308347
9811389	9309294
9811389	9404247
9811389	9502336
9811389	9601233
9811389	9611454
9811389	9612268
9811389	9707511
9811389	9711446
9811389	9802408
9811389	9806307
208245	5190
208245	110360
208245	203145
208245	9304265
208245	9401310
208245	9403264
208245	9406220
208245	9504372
208245	9511210
208245	9511335
208245	9610325
208245	9705346
208245	9902260
1279	9301244
1279	9507319
1279	9511397
1279	9706450
1279	9707291
1279	9905309
1279	9910438
1279	9911520
212087	10346
212087	12049
212087	106301
212087	112105
212087	204149
212087	9506254
212087	9506356
212087	9508210
212087	9508359
212087	9510205
212087	9703313
212087	9711229
212087	9711450
212087	9802404
212087	9807508
212087	9808221
212087	9901405
212087	9905282
212087	9905501
212087	9907491
212087	9908217
210203	5217
210203	109225
210203	9603228
210203	9609228
9903529	9506248
9903529	9705477
9903529	9801222
9903529	9802299
9903529	9805422
9903529	9810475
9903529	9812432
9405280	9207268
9070	9404206
9070	9511443
9070	9607280
9070	9705477
107240	103022
107240	9402251
107240	9609496
107240	9803273
107240	9806398
107240	9807399
107240	9807520
107240	9809402
107240	9905437
9511303	9302249
9511303	9408300
211278	105259
9706264	9209205
9706264	9405355
9706264	9507394
9706264	9509286
9706264	9509311
9706264	9604419
9706264	9608384
9706264	9701236
9706264	9701407
12330	3075
12330	9409254
12330	9606314
12330	9703420
12330	9707500
12330	9804436
12330	9809443
12330	9912289
205079	107078
9811490	9408406
9811490	9501334
9811490	9507379
9811490	9510309
9811490	9510441
9811490	9605296
209123	104220
209123	112338
209123	204008
209123	204118
209123	208223
4057	9311255
4057	9501213
4057	9604295
4057	9604441
4057	9606314
4057	9609226
4057	9703420
4057	9707352
4057	9707500
4057	9801379
4057	9802357
4057	9805251
4057	9809443
4057	9902390
4057	9905329
5201	1120
5201	9401312
5201	9402209
5201	9403242
5201	9707463
5201	9903337
5201	9911433
9812496	9308203
9812496	9606253
9812496	9801208
9812496	9801209
212010	3022
212010	7006
212010	101165
212010	106116
212010	207010
212010	208209
212010	9306309
212010	9402253
212010	9511292
212010	9511385
212010	9511402
212010	9606211
211100	5161
9311201	9204222
9311201	9209205
9311201	9209230
4025	9408406
4025	9411273
4025	9501334
4025	9708446
4025	9906446
112031	9603208
112031	9803315
112031	9910333
112031	9910471
301249	3262
301249	9078
301249	11159
301249	11160
301249	12142
301249	12346
301249	12375
301249	109230
301249	110244
301249	201308
301249	208070
301249	210202
301249	9407247
301249	9409202
301249	9507306
301249	9603378
301249	9604340
301249	9606260
301249	9608458
301249	9610400
301249	9610477
301249	9701423
301249	9704452
301249	9705347
301249	9711360
301249	9801306
301249	9802238
301249	9802304
301249	9804425
301249	9806205
301249	9807278
301249	9807339
301249	9809547
301249	9902449
301249	9905242
301249	9908228
9510379	9209210
102244	9503416
9607416	9206227
301157	12056
301157	101091
301157	103062
301157	105064
301157	107027
301157	112302
301157	112351
301157	201231
301157	201273
301157	201287
301157	203180
301157	203198
301157	206273
301157	9808324
211435	204244
211435	207182
9706321	9408352
9706321	9510202
9706321	9605293
9706321	9702322
9706321	9702380
9706321	9705253
1210	9510211
1210	9702326
1210	9803486
9906353	9303313
9906353	9804369
9906353	9807203
9906353	9901396
9801351	9612225
9801351	9706287
9405269	9203203
9405269	9204216
9405269	9208231
9405269	9209258
9405269	9210227
9405269	9210243
9405269	9211219
9405269	9212235
9405269	9212248
9405269	9302210
9405269	9304234
9405269	9304245
9405269	9304254
9405269	9304272
9405269	9305345
9405269	9311353
9405269	9312221
9804406	9305225
9804406	9410317
9804406	9506281
9804406	9707463
9804406	9712469
211126	2297
211126	7015
211126	9062
211126	10103
211126	11014
211126	11308
211126	12011
211126	104152
211126	104240
211126	106179
211126	210263
211126	9203209
211126	9405220
211126	9411342
211126	9411411
211126	9411425
211126	9503214
211126	9601208
211126	9605382
211126	9608206
211126	9609401
211126	9705204
211126	9710204
211126	9711307
211126	9803315
211126	9805217
211126	9807233
211126	9807344
211126	9808222
211126	9810553
211126	9901370
211126	9906513
211126	9906523
211126	9909555
211126	9910498
211126	9910560
211126	9912356
211126	9912464
9907441	9510304
9907441	9603249
9907441	9702379
9907441	9706413
9907441	9802362
9907441	9802406
9907441	9803403
9907441	9804337
9907441	9804397
9907441	9808305
9907441	9810474
9907441	9901324
9809299	9401214
9809299	9402364
9809299	9410240
9809299	9510410
9809299	9603313
9809299	9605317
9809299	9609301
9809299	9703356
9809299	9706326
9809299	9707367
9809299	9709379
9809299	9804263
9809299	9812448
9706471	9302240
9706471	9406363
9706471	9504315
9706471	9505358
9706471	9506417
9706471	9507338
9706471	9510393
9706471	9602311
9706471	9607253
9706471	9702413
9706471	9702416
9801299	9704452
11125	2144
11125	2234
11125	2235
11125	5189
11125	6056
11125	6146
11125	7137
11125	7208
11125	7313
11125	10008
11125	10011
11125	10181
11125	9211304
11125	9211321
11125	9212203
11125	9303284
11125	9409437
11125	9501265
11125	9511255
11125	9511341
11125	9511465
11125	9512356
11125	9512380
11125	9608365
11125	9705244
11125	9706260
11125	9707347
11125	9711402
11125	9802300
11125	9802405
11125	9812471
11125	9902334
11125	9904408
11125	9906434
11125	9908232
11125	9908268
11125	9910237
11125	9910396
11125	9911233
9309255	9212297
9309255	9212298
109136	9240
109136	9709449
109136	9809330
302083	1115
302083	12100
302083	102019
302083	104288
302083	108102
302083	109272
302083	110391
302083	202257
302083	209016
302083	212175
302083	9203216
302083	9305305
302083	9311274
302083	9501357
302083	9502366
302083	9606222
302083	9707474
302083	9801330
302083	9803315
302083	9803466
302083	9806263
302083	9806292
302083	9806303
302083	9807344
302083	9807415
302083	9809217
302083	9902407
302083	9903400
302083	9903479
302083	9904504
302083	9906238
302083	9906514
302083	9910277
302083	9911252
9710527	9311260
9710527	9407339
9710527	9507363
9710527	9602208
9710527	9602374
9710527	9603326
9710527	9604351
9710527	9702225
9710527	9702287
9710527	9702389
9710527	9703429
9710527	9706374
9710527	9707223
9805290	9210253
9805290	9302238
9805290	9404255
9805290	9512384
9805290	9603421
9805290	9707325
9805290	9711297
109273	2158
109273	7278
109273	10130
109273	10131
109273	103037
109273	107327
109273	109128
109273	9608462
109273	9707337
109273	9709387
109273	9712347
109273	9809341
9411216	9212236
9411216	9310247
9411216	9402210
9411216	9403208
9907396	9605398
9907396	9703211
9907396	9801271
9907396	9905403
210293	9314
210293	10337
210293	103173
210293	201043
210293	9505219
210293	9609339
210293	9701425
210293	9901334
210413	111166
210413	210044
210413	9310285
210413	9402360
210413	9405410
210413	9412398
210413	9502300
210413	9503404
210413	9503492
210413	9512336
210413	9603448
210413	9610425
210413	9703291
210413	9704245
210413	9708372
210413	9804215
210413	9903226
210008	5318
210008	112268
210008	209027
210008	9402283
210008	9407399
210008	9511228
210008	9511382
210008	9605356
210008	9606443
210008	9609381
210008	9702216
210008	9704207
210008	9711227
210008	9805338
210008	9807294
210008	9807324
210008	9807529
210008	9901283
210008	9905287
210008	9908519
9906294	9402283
9906294	9510410
9906294	9603249
9906294	9603450
9906294	9604317
9906294	9605431
9906294	9606254
9906294	9609381
9906294	9611433
9906294	9704207
9906294	9705264
9906294	9705279
9906294	9711405
9906294	9812271
9812271	9402283
9812271	9502262
9812271	9507271
9812271	9603249
9812271	9604317
9812271	9605431
9812271	9609381
9812271	9611433
9812271	9701289
9812271	9704207
112128	9301236
112128	9401211
112128	9406285
112128	9408344
112128	9801430
112128	9803455
112128	9804212
112128	9804357
112128	9804384
112128	9810216
112128	9901304
112128	9902397
112128	9902430
112128	9903389
112128	9906210
112128	9906485
112128	9907369
9402237	9205233
110302	6049
110302	6159
110302	8209
110302	9292
110302	10149
110302	101106
110302	102145
110302	102146
110302	102157
110302	102204
110302	102255
110302	102297
110302	102315
110302	102344
110302	103048
110302	103054
110302	103064
110302	103067
110302	103072
110302	103127
110302	103235
110302	103280
110302	104056
110302	104151
110302	105014
110302	9404241
110302	9409421
110302	9410253
110302	9505405
110302	9506256
110302	9507416
110302	9512369
110302	9609279
110302	9803384
110302	9805376
110302	9805470
110302	9812370
110302	9906313
210370	2126
210370	10036
210370	105284
210370	106249
210370	201178
210370	9203206
210370	9212219
210370	9310260
210370	9403239
210370	9407351
210370	9409270
210370	9412213
210370	9506380
210370	9511238
210370	9609370
210370	9706538
210370	9707333
205197	10104
205197	101076
205197	9209205
205197	9807236
205197	9809403
205197	9905228
9905345	9807460
9601232	9304240
9601232	9308276
9601232	9312202
9601232	9404266
9601232	9405298
9601232	9407292
9601232	9504340
9601232	9506407
211254	12315
211254	101019
211254	101200
211254	9904499
9607230	9211250
9607230	9306259
9607230	9403209
9607230	9405340
9607230	9407250
212247	7224
212247	101353
212247	104245
212247	112273
212247	212151
212247	212167
9808316	9305258
9808316	9401236
9808316	9411426
9808316	9503433
9808316	9507289
9808316	9602332
9808316	9606382
9808316	9608294
9808316	9707484
3106	9311329
3106	9403320
3106	9406214
3106	9410360
3106	9506438
3106	9508406
3106	9509313
3106	9601205
3106	9604398
3106	9609256
3106	9702376
3106	9804224
3106	9902327
3106	9905337
3106	9910309
3106	9910451
3106	9911367
209362	3213
209362	9235
209362	12136
209362	106012
209362	110208
209362	111146
209362	208213
209362	9609448
209362	9706344
209362	9803316
209362	9811253
209362	9903268
209362	9905372
10320	3313
10320	9407266
10320	9606336
10320	9606465
10320	9612203
10320	9711333
10320	9712382
10320	9804430
10320	9805384
10320	9812226
10320	9902399
10320	9903383
10320	9910523
9705365	9303241
9705365	9303249
9705365	9507416
9705365	9510359
9705365	9609279
9705365	9612211
9705365	9703221
108088	3033
108088	8189
108088	10090
108088	11324
108088	107181
108088	9302295
108088	9503344
108088	9507216
108088	9604223
108088	9611434
108088	9806244
108088	9906273
9806529	9503303
9806529	9507453
9806529	9704273
9806529	9705361
9806529	9707423
9806529	9709492
9806529	9711514
9806529	9712212
9806529	9801212
9806529	9804237
9806529	9805300
9806529	9806213
9609332	9312338
9609332	9410388
9609332	9501287
9609332	9504326
9609332	9504327
9609332	9509329
9609332	9511363
9609332	9605220
9609332	9605221
9609332	9605259
9609332	9607392
9609332	9609214
9506337	9207214
9506337	9307291
9506337	9308287
9506337	9311243
9506337	9402360
9506337	9402364
9506337	9403407
9506337	9405207
9506337	9405304
9506337	9409287
9506337	9410387
9506337	9411229
9506337	9412265
9506337	9502264
9506337	9502300
9506337	9503492
105075	11014
105075	9711516
105075	9801329
9504386	9406258
9409321	9406347
201221	4003
201221	12334
201221	110416
201221	9803483
201221	9810363
201221	9903222
201221	9905499
201221	9907486
302001	3129
302001	5293
302001	12378
302001	105239
302001	109127
302001	203034
302001	205329
302001	209158
302001	212279
302001	212307
302001	301131
302001	301171
302001	9902467
302001	9905221
302001	9906556
302001	9907447
302001	9911252
9405255	9210235
9909413	9307329
211084	208080
211084	210128
9502410	9209239
9502410	9209241
9502410	9211248
9502410	9307330
9309207	9206219
9309207	9206221
9309207	9207216
9309207	9209207
9512209	9204222
9512209	9209205
9512209	9209230
9512209	9212212
9512209	9305319
9512209	9402283
9512209	9404351
9512209	9407372
9512209	9411368
9512209	9502356
9512209	9505310
9512209	9506360
9512209	9506454
9512209	9509239
211205	3129
211205	6041
211205	6114
211205	11363
211205	12378
211205	103055
211205	104152
211205	107071
211205	201201
211205	209158
211205	9801375
211205	9803315
211205	9804398
211205	9808371
211205	9811291
211205	9811350
211205	9905221
211205	9905311
211205	9907447
211205	9909255
211205	9911262
211205	9912287
211205	9912552
9909462	9209232
9909462	9210235
9909462	9211256
9909462	9303202
9909462	9303280
9909462	9310374
9909462	9311228
9909462	9503214
9909462	9511288
9909462	9607401
9909462	9612313
9909462	9703442
9909462	9706315
9909462	9707395
9909462	9712535
9909462	9801391
9909462	9806382
9909462	9806505
9909462	9807327
9909462	9808224
9909462	9808232
9909462	9808265
9909462	9808304
9909462	9808412
9909462	9810371
9909462	9812463
9909462	9901254
9909462	9901260
9909462	9906343
9909462	9907220
9909462	9907499
9909462	9908286
9909462	9909212
9501243	9205234
9501243	9210242
9501243	9303320
9501243	9403338
11207	1005
11207	5154
11207	5234
11207	7202
11207	8320
11207	8336
11207	9207234
11207	9302318
11207	9303270
11207	9307208
11207	9307301
11207	9309219
11207	9312272
11207	9404227
11207	9406390
11207	9606261
11207	9608241
11207	9701219
11207	9706509
11207	9710238
11207	9710477
11207	9801246
11207	9804231
11207	9901246
11207	9908427
11207	9910205
9239	7144
9239	7232
9239	9806305
9239	9904290
9505436	9503300
209348	7120
209348	102071
209348	110252
209348	9411444
209348	9709322
209348	9907475
208133	106315
208133	205146
9904308	9603211
9904308	9609244
210191	6043
210191	110392
210191	9501384
210191	9604416
210191	9606277
210191	9704415
210191	9707394
210191	9709354
210191	9803266
210191	9912512
9509219	9409404
9904264	9403342
9904264	9509344
9904264	9510346
9904264	9602392
9904264	9604393
9904264	9803445
211325	2126
211325	108138
211325	202156
211325	210389
211325	9506380
211325	9812282
9806362	9801421
9806362	9806242
9311268	9208254
9412226	9305267
9412226	9305348
9412226	9401277
9607231	9412332
9607231	9502414
9607231	9510246
9607231	9511266
9607231	9511426
9607231	9601261
9607231	9603212
9607231	9605359
9207224	9506358
301241	1142
301241	3275
301241	4013
301241	4056
301241	4071
301241	5301
301241	5316
301241	6009
301241	6077
301241	7096
301241	7224
301241	7329
301241	10201
301241	10205
301241	12157
301241	102097
301241	103315
301241	103316
301241	103335
301241	104127
301241	104205
301241	104232
301241	104245
301241	106298
301241	106315
301241	108221
301241	109166
301241	110114
301241	110155
301241	112030
301241	112273
301241	201077
301241	203254
301241	207273
301241	210283
301241	211104
301241	9503442
301241	9605420
301241	9612390
301241	9705442
301241	9711302
301241	9805250
301241	9809321
301241	9906319
301241	9906545
301241	9907389
301241	9910338
301241	9912503
9706532	9303268
9706532	9403389
9706532	9409418
9706532	9609314
9706532	9701293
9706532	9705293
9807328	9306259
9807328	9401237
9807328	9405340
9807328	9503418
9807328	9503476
9807328	9603289
9807328	9702443
9807328	9709497
9807328	9803316
9807328	9806419
9807328	9807212
9906414	9805453
9906414	9807416
203105	7191
203105	7218
203105	11215
203105	107140
203105	110417
203105	111267
203105	9501369
203105	9704357
203105	9712387
203105	9806404
203105	9807251
203105	9902275
203105	9907231
106214	7248
106214	11215
106214	9501369
106214	9802357
106214	9905512
106214	9907231
106214	9907512
9309288	9303238
9309288	9304211
9309288	9306229
9309288	9307324
9309288	9309266
112087	105185
112087	112084
112087	9308337
112087	9308371
112087	9409432
112087	9510245
112087	9705401
112087	9712318
9406309	9207234
302229	1253
302229	3238
302229	3323
302229	4010
302229	7085
302229	7360
302229	8009
302229	8021
302229	8090
302229	10174
302229	12155
302229	12219
302229	12308
302229	101276
302229	101336
302229	103121
302229	103197
302229	104062
302229	104110
302229	104238
302229	105103
302229	105308
302229	107048
302229	109001
302229	109197
302229	110121
302229	112135
302229	112303
302229	201071
302229	202170
302229	204101
302229	205323
302229	207036
302229	207101
302229	207108
302229	207197
302229	207327
302229	208080
302229	209208
302229	209331
302229	210323
302229	210433
302229	211282
302229	211359
302229	212180
302229	212321
302229	212397
302229	301255
302229	301256
302229	9308272
302229	9403384
302229	9405259
302229	9408275
302229	9512380
302229	9604387
302229	9607447
302229	9608478
302229	9610357
302229	9612433
302229	9704287
302229	9704402
302229	9705356
302229	9708398
302229	9712306
302229	9712398
302229	9801363
302229	9804254
302229	9806468
302229	9808487
302229	9808493
302229	9809311
302229	9809384
302229	9810260
302229	9812396
302229	9901288
302229	9903363
302229	9903456
302229	9904286
302229	9906274
302229	9906286
302229	9908371
302229	9909476
302229	9909560
302229	9912242
207249	4213
207249	104009
207249	105308
207249	112016
207249	112220
207249	9209279
207249	9404282
207249	9509204
207249	9712306
207249	9806423
207249	9806468
207249	9809311
6315	1317
6315	2171
6315	2216
6315	6175
6315	9405344
6315	9406421
6315	9407303
6315	9408370
6315	9408373
6315	9409215
6315	9411330
6315	9411367
6315	9505222
6315	9506242
6315	9506248
6315	9506264
6315	9512380
6315	9604283
6315	9609530
6315	9612393
6315	9702318
6315	9903535
6315	9905412
6315	9910245
6315	9911427
9709435	9312319
9709435	9401258
9709435	9401316
9709435	9406315
9709435	9409410
9709435	9410404
9709435	9502336
9709435	9503348
9709435	9506423
9709435	9507338
9709435	9602320
9709435	9603327
9709435	9606345
9709435	9606399
9709435	9612424
9709435	9612449
9709435	9705398
9709435	9707459
9901234	9301212
9901234	9408332
9901234	9504385
9901234	9505246
9901234	9507290
9901234	9511386
9901234	9704316
9901234	9802291
301070	8023
301070	12001
301070	111144
301070	201229
301070	204025
301070	204348
301070	205013
301070	205345
301070	9511250
9506303	9405388
9506303	9501307
9409245	9302298
9512394	9306289
9512394	9407287
9512394	9502334
9512394	9510381
9811372	9405237
9811372	9504333
9811372	9512348
9811372	9703201
9811372	9705367
9811372	9806389
211448	105277
211448	106307
211448	107219
211448	110149
211448	111427
211448	206172
211448	207196
211448	9806344
211448	9909262
9906314	9902326
9804292	9312350
9706243	9406241
9706243	9409335
103268	9508386
103268	9602363
103268	9605281
103268	9607290
103268	9702201
103268	9703245
1289	9803315
1289	9804398
1289	9903417
9710535	9509257
9710535	9604351
9710535	9608279
9710535	9611239
9710535	9706331
207089	1214
207089	4217
207089	8038
207089	101057
207089	101277
207089	104283
207089	201061
207089	201296
207089	204004
207089	9208213
207089	9307329
207089	9403227
207089	9412283
207089	9501202
207089	9501369
207089	9503290
207089	9510301
207089	9511420
207089	9701330
207089	9702239
207089	9703411
207089	9709322
207089	9710223
207089	9710247
207089	9710561
207089	9901442
207089	9911207
301174	6124
301174	107002
301174	209164
301174	9805380
301174	9809483
210036	1019
210036	2151
210036	3186
210036	5123
210036	5260
210036	6266
210036	12020
210036	12203
210036	102270
210036	103229
210036	105180
210036	110122
210036	111418
210036	112101
210036	202139
210036	205053
210036	205061
210036	206308
210036	207348
210036	9409367
210036	9505209
210036	9506380
210036	9510204
210036	9604218
210036	9808459
210036	9809453
210036	9809582
210036	9810535
210036	9901357
210036	9902339
210036	9906527
9911531	9412271
9911531	9508356
302045	11074
302045	202063
302045	205014
302045	211241
302045	301231
302045	9501263
207262	9405337
207262	9507453
207262	9904284
9803443	9306241
9803443	9406315
9803443	9604423
9803443	9607254
9803443	9609372
9803443	9611446
9803443	9704320
9911469	9402283
9911469	9409451
9911469	9501369
9911469	9605376
9911469	9609381
9911469	9704207
9911469	9807529
9911469	9902356
9911469	9907429
211437	8114
211437	110238
211437	204308
211437	206015
211437	206081
211437	208189
211437	210055
211437	9311284
211437	9406271
211437	9410338
211437	9410385
211437	9506256
211437	9506417
211437	9507246
211437	9512369
211437	9809213
211437	9907249
211437	9912336
10336	1001
10336	1130
10336	2065
10336	2078
10336	2207
10336	3043
10336	4004
10336	4235
10336	5044
10336	5275
10336	6124
10336	6154
10336	6300
10336	6310
10336	7005
10336	7279
10336	7305
10336	8184
10336	8191
10336	9237
10336	10031
10336	10080
10336	10128
10336	10146
10336	10208
10336	9407344
10336	9509348
10336	9512233
10336	9605317
10336	9704298
10336	9706206
10336	9708346
10336	9709499
10336	9802290
10336	9802381
10336	9803339
10336	9803389
10336	9805481
10336	9806526
10336	9806537
10336	9807330
10336	9807443
10336	9812311
10336	9901229
10336	9901397
10336	9902341
10336	9902484
10336	9903436
10336	9905310
10336	9905391
10336	9905566
10336	9907209
10336	9907472
10336	9909203
10336	9910492
10336	9911256
10336	9911273
10336	9911289
10336	9912379
10336	9912388
2119	9804420
2119	9805288
2119	9806361
2119	9807281
2119	9906421
2119	9912436
204336	9904291
204336	9912532
111455	10015
111455	9305225
111455	9306230
111455	9311237
111455	9312268
111455	9403243
111455	9405355
111455	9410272
111455	9410273
111455	9506281
111455	9602246
111455	9603285
111455	9707463
111455	9712469
111455	9911433
112053	1058
112053	106127
112053	112009
211456	3156
211456	3313
211456	4237
211456	7192
211456	10320
211456	105088
211456	106112
211456	106132
211456	106169
211456	106181
211456	110120
211456	111037
211456	112108
211456	9209205
211456	9405338
211456	9407266
211456	9408318
211456	9412286
211456	9511434
211456	9603230
211456	9603249
211456	9604317
211456	9606465
211456	9609243
211456	9609259
211456	9609381
211456	9610228
211456	9610380
211456	9612203
211456	9704207
211456	9711333
211456	9712301
211456	9712415
211456	9803286
211456	9804430
211456	9805384
211456	9806344
211456	9812231
211456	9812448
211456	9901258
211456	9902399
211456	9903341
211456	9903357
211456	9903383
211456	9908361
211456	9909487
9609259	9308353
9609259	9401258
9609259	9407326
9609259	9409410
9609259	9412300
9609259	9502376
211356	9706507
207060	9131
207060	101098
207060	102206
207060	106022
207060	108025
207060	112042
207060	201242
207060	204181
207060	205072
207060	9510366
207060	9712457
207060	9909571
207060	9910525
205300	104266
205300	108199
205300	112120
205300	112338
205300	202058
205300	9904211
205300	9911470
201116	106038
201116	109142
201116	9503420
201116	9803209
201116	9902441
212084	5003
212084	7159
212084	107200
212084	111193
212084	9605315
212084	9607457
9902344	9210253
9902344	9401308
9902344	9404357
9902344	9602405
9902344	9604404
9902344	9811433
101330	6068
101330	7054
101330	9268
101330	9311325
101330	9312311
101330	9312359
101330	9402225
101330	9402288
101330	9609352
101330	9701358
101330	9805303
101330	9905351
105316	9305269
105316	9609445
105316	9610451
105316	9806528
105316	9812359
105316	9902379
105316	9902403
9512315	9305206
9512315	9307222
9512315	9312302
9512315	9406207
9512315	9410404
9512315	9502250
207338	10017
207338	110353
207338	9504349
207338	9704383
207338	9704424
207338	9711460
207338	9904389
207338	9908267
9402353	9307208
207316	5046
207316	11241
207316	101103
207316	101284
207316	109115
207316	111020
207316	9305241
207316	9306294
207316	9307326
207316	9309289
207316	9311205
207316	9405240
207316	9602280
207316	9606337
207316	9701284
207316	9704201
207316	9706377
207316	9710543
207316	9802440
207316	9810216
207316	9901213
207316	9903389
207316	9905239
207316	9906485
207316	9909464
207316	9910563
2139	9811453
2139	9812368
2139	9812526
2139	9904391
2139	9909451
209011	3075
209011	4106
209011	7068
209011	11215
209011	110097
209011	203155
209011	204060
209011	205272
209011	9308327
209011	9312279
209011	9407287
209011	9410320
209011	9410321
209011	9412353
209011	9501213
209011	9508246
209011	9508347
209011	9512406
209011	9604393
209011	9604441
209011	9606314
209011	9702227
209011	9702367
209011	9703420
209011	9707220
209011	9712410
209011	9802357
209011	9803445
209011	9804436
209011	9805251
209011	9806431
209011	9809443
209011	9902322
209011	9902329
209011	9903282
209011	9905329
209011	9907512
209011	9908425
209011	9909541
209011	9912500
12251	11269
12251	9306320
12251	9408290
12251	9503404
12251	9604412
12251	9705467
12251	9706520
12251	9712417
12251	9809423
12251	9811239
212285	204267
212285	212102
212285	9601221
212285	9603352
11085	4150
11085	6244
11085	9706306
11085	9806268
11085	9811393
11085	9908218
1018	9704290
1018	9710254
1018	9803468
9912233	9209205
9912233	9212212
9912233	9310350
9912233	9403229
9912233	9403276
9912233	9407362
9912233	9503351
9912233	9509239
9912233	9510262
9912233	9601282
9912233	9609245
9912233	9703228
9912233	9712505
9912233	9803445
9912233	9804240
9912233	9805268
9912233	9806404
9912233	9809454
9912233	9810270
9912233	9901352
9912233	9903282
9912233	9905226
9912233	9905537
9912233	9906518
9912233	9908348
9912233	9909362
209319	11049
109218	3141
109218	3172
109218	107143
109218	9407247
109218	9408214
109218	9508378
109218	9603378
109218	9608458
109218	9610477
109218	9701423
109218	9704399
109218	9704452
109218	9706274
109218	9809490
109218	9901319
109218	9906287
109218	9912473
9805359	9701421
9805359	9707393
1139	9311290
1139	9401266
1139	9612454
1139	9706529
1139	9801304
1139	9806371
302043	9255
302043	206063
302043	206074
302043	212351
302043	9305250
302043	9405340
302043	9504281
302043	9510304
302043	9511333
302043	9803316
302043	9806419
112204	107033
112204	9207217
112204	9503208
112204	9512334
112204	9602242
112204	9603202
112204	9604412
112204	9604425
112204	9608277
112204	9703408
112204	9705447
112204	9709386
112204	9805222
112204	9808385
112204	9906300
110223	11333
110223	12039
110223	101025
110223	102047
110223	103102
110223	105009
110223	105150
110223	107265
110223	108173
110223	108260
110223	109034
110223	109256
110223	9304204
110223	9406311
110223	9504250
110223	9904353
9502355	9209279
9502355	9309283
9502355	9404281
9502355	9404282
9502355	9404283
210138	4049
210138	105159
210138	105196
210138	106247
210138	106258
210138	106264
210138	108043
210138	108193
210138	112329
210138	209263
210138	9703351
210138	9807216
210138	9809531
210138	9912231
9609483	9302307
9609483	9303205
9609483	9305206
9609483	9307222
9609483	9401225
9609483	9402210
9609483	9404346
9609483	9406339
9609483	9408242
9609483	9408284
9609483	9408287
9609483	9410404
9609483	9412249
9609483	9503491
9609483	9504302
9609483	9505298
9609483	9511267
9609483	9601249
9609483	9602411
9609483	9603291
9805437	9301244
9805437	9703247
9805437	9707291
9805437	9707406
9805437	9711361
9805437	9801366
204009	9406214
204009	9509331
204009	9707342
204009	9910367
206048	3220
206048	12125
206048	12352
206048	103125
206048	104200
206048	107313
206048	109018
206048	110276
206048	111205
206048	202050
206048	9207279
206048	9403338
206048	9409329
206048	9409369
206048	9412385
206048	9504292
206048	9601243
206048	9610481
206048	9705366
206048	9902204
206048	9904303
206048	9910314
104089	102008
104089	9904429
9708318	9502247
9708318	9510431
9708318	9611239
9708318	9702325
109070	9408366
9707397	9308236
9707397	9404274
9907292	9606305
9907292	9609287
9907292	9706348
9907292	9708207
210176	2043
210176	11271
210176	102023
210176	112023
210176	9306270
210176	9404220
210176	9405299
210176	9405308
210176	9405325
210176	9406432
210176	9410319
210176	9410356
210176	9501392
210176	9505225
210176	9505358
210176	9506465
210176	9507382
210176	9508241
210176	9602304
210176	9605326
210176	9608318
210176	9610456
210176	9701277
210176	9704436
210176	9705240
210176	9706462
210176	9708255
210176	9712330
210176	9809507
210176	9903229
11151	9812418
11151	9907289
9908512	9501369
9908512	9512376
9908512	9804238
9606307	9506245
9606307	9605227
302180	1001
302180	5283
302180	7142
302180	8287
302180	10075
302180	10212
302180	11094
302180	12007
302180	101124
302180	101304
302180	102201
302180	102207
302180	102227
302180	102241
302180	106146
302180	109078
302180	109079
302180	110083
302180	111164
302180	112081
302180	201036
302180	201161
302180	201206
302180	202271
302180	204316
302180	206067
302180	207004
302180	207043
302180	212097
302180	301069
302180	302135
302180	9302225
302180	9403226
302180	9512328
302180	9605323
302180	9707224
302180	9708239
302180	9710213
302180	9710255
302180	9810389
302180	9810409
302180	9812415
302180	9901201
302180	9903380
302180	9903515
302180	9903516
302180	9904440
302180	9908523
302180	9909464
204074	103022
204074	9203206
204074	9211279
204074	9609496
204074	9707281
204074	9809402
302084	211241
302084	212093
302084	301231
302084	9501269
302084	9509261
302084	9604357
302084	9605234
302084	9607201
302084	9612290
302084	9703241
302084	9707268
302084	9802387
302084	9803365
302144	5108
302144	108179
302144	111186
302144	112225
302144	201076
302144	201150
302144	201296
302144	204004
302144	205208
302144	206057
302144	207047
302144	208038
302144	209179
302144	9705477
9801250	9308347
9801250	9309294
9801250	9401258
9801250	9404247
9801250	9404344
9801250	9502336
9801250	9509316
9801250	9603343
9801250	9607241
9801250	9612268
9801250	9702364
9801250	9707511
4017	9902228
4017	9905369
4017	9909430
301044	2044
301044	2150
301044	3129
301044	5249
301044	7254
301044	10195
301044	104200
301044	105212
301044	105323
301044	106125
301044	106335
301044	108112
301044	201018
301044	203117
301044	204253
301044	204286
301044	204314
301044	204360
301044	205053
301044	205241
301044	205344
301044	206004
301044	206087
301044	206245
301044	206268
301044	206292
301044	207110
301044	208058
301044	208266
301044	210181
301044	211334
301044	212126
301044	212127
301044	212129
301044	212147
301044	9310320
301044	9404278
301044	9607359
301044	9702315
301044	9802334
301044	9807228
301044	9807235
301044	9808355
301044	9809307
301044	9809415
301044	9811428
301044	9811447
301044	9812426
301044	9903460
301044	9904210
301044	9904249
301044	9910392
301044	9910522
301044	9911395
301044	9912482
301238	4014
301238	4109
301238	7192
301238	11241
301238	102009
301238	102093
